	0	1	2	3	4	5	6	7	8	9	10	11	12	13	14	15	16	17	18	19	20	21	22	23	24	25	26	27	28	29	30	31
0	26	975	597	881	750	827	209	315	70	274	638	415	717	492	938	101	303	186	556	294	792	345	277	32	337	618	513	52	650	789	778	400
1	988	220	275	153	763	178	704	414	84	897	240	655	9	616	849	250	456	399	663	576	707	213	207	951	22	74	793	787	378	679	517	468
2	845	911	573	956	931	252	116	568	853	13	511	853	598	703	613	554	156	153	76	133	861	76	752	441	851	955	90	130	84	128	911	471
3	561	821	113	782	727	557	174	508	587	574	482	836	619	707	85	613	527	171	148	12	560	595	744	768	883	783	629	417	340	237	737	749
4	375	395	990	322	652	680	503	262	244	651	354	658	559	67	499	182	877	958	151	381	639	339	911	961	287	329	716	714	452	709	121	533
5	663	106	967	890	195	976	50	654	137	304	45	388	324	485	611	658	696	487	285	509	466	373	719	528	510	291	815	355	406	186	15	346
6	266	634	253	270	269	139	172	38	773	563	47	228	560	564	275	161	86	67	460	622	965	562	240	954	454	657	768	239	88	791	882	728
7	172	475	730	938	399	840	791	51	911	136	760	487	972	501	769	138	445	386	754	957	58	455	126	985	283	695	123	108	50	194	907	116
8	345	287	166	381	303	596	763	120	914	900	660	784	983	618	750	377	223	589	105	682	803	690	854	979	748	682	252	984	711	697	103	478
9	117	405	29	925	759	736	714	161	615	979	222	502	487	268	762	834	130	118	287	343	710	501	728	350	285	765	300	59	512	113	907	167
10	324	409	556	140	704	891	967	327	853	206	606	320	350	536	163	455	372	704	940	511	554	654	63	742	661	285	439	198	452	293	683	80
11	423	23	711	829	632	293	909	163	630	784	123	624	73	382	791	14	365	956	590	963	601	96	86	731	448	83	0	660	334	376	877	618
12	60	921	105	594	379	276	25	491	302	278	103	679	977	129	405	613	25	838	249	761	739	201	879	454	554	72	14	626	633	522	851	986
13	67	774	924	638	268	940	208	226	499	345	252	354	948	461	575	493	0	827	356	390	447	760	116	87	267	856	944	874	320	985	852	61
14	888	529	760	910	933	544	527	566	735	336	682	484	685	413	536	680	901	118	191	390	513	341	638	904	262	541	737	102	584	834	450	859
15	969	296	976	706	341	369	115	750	841	130	357	760	951	383	222	347	921	972	373	623	400	215	465	325	441	159	184	952	754	279	684	263
16	56	630	850	835	912	134	334	529	664	843	169	176	184	177	805	756	184	436	826	837	980	890	786	596	711	500	613	740	622	540	225	985
17	450	537	647	922	723	229	298	979	675	849	984	986	493	816	10	688	857	9	180	126	675	535	418	620	556	211	501	84	778	699	436	392
18	295	398	405	922	834	62	114	303	146	671	110	503	775	997	358	266	107	802	405	184	556	313	766	52	250	893	325	832	292	406	644	323
19	803	476	192	414	237	370	925	835	513	996	555	12	703	250	586	609	860	334	47	159	494	407	107	773	846	530	884	928	178	41	575	407
20	178	102	219	979	468	389	486	525	348	67	617	331	945	749	640	856	308	432	459	243	319	365	432	278	930	794	214	343	28	384	327	616
21	805	390	308	115	894	549	303	469	514	220	268	207	486	926	584	979	740	53	121	854	12	652	383	408	867	557	487	258	470	244	453	295
22	901	699	30	984	476	62	634	820	567	305	642	433	701	360	353	94	391	719	853	55	694	0	469	543	854	931	460	139	867	375	753	133
23	875	55	65	207	717	989	898	557	900	776	263	680	998	109	37	6	940	510	4	207	990	262	15	158	486	129	736	950	345	559	939	977
24	155	983	470	468	300	885	870	651	41	106	760	746	159	369	176	965	529	698	399	156	698	482	263	431	117	493	558	290	190	65	484	320
25	544	252	293	590	775	384	71	33	650	880	80	473	610	461	81	207	506	19	864	200	118	204	597	742	106	954	728	271	958	528	577	410
26	928	736	392	389	884	278	927	44	195	628	843	692	770	787	375	478	943	653	304	195	625	791	334	146	547	58	754	227	222	662	743	431
27	645	405	183	242	640	672	95	323	743	532	397	457	919	509	971	705	99	379	482	334	240	993	827	608	456	10	695	970	438	189	299	186
28	919	865	735	820	664	1	122	75	998	541	39	307	462	337	880	837	925	882	323	48	507	849	195	537	0	396	314	204	492	822	200	924
29	76	753	639	662	68	796	385	894	859	110	829	795	743	362	202	226	518	42	503	400	418	89	407	458	936	460	351	665	36	116	883	425
30	106	889	502	839	858	710	774	333	312	937	353	947	438	632	825	58	931	487	855	926	166	676	373	931	840	191	935	448	484	72	376	396
31	86	979	228	653	87	18	407	113	697	307	333	156	437	571	466	401	6	901	141	601	127	188	874	471	15	714	979	349	279	35	735	553

